# アルゴリズム 練習問題

### 演習1
次のフローチャートを書いてください。
```
変数に 10 を代入する。変数に 30 を加算し、表示する。
```

### 演習2
次のフローチャートを書いてください。
```
変数aに 30 を代入する。変数bに 20 を代入する。変数cに 10 を代入する。
a、b、cの合計値を変数に代入し、表示する。
```

### 演習3
次のフローチャートを書いてください。
```
20 を変数に代入し、もし変数の値が20以上なら"OK"、19以下なら"NG"を表示する。
```

### 演習4
次のフローチャートを書いてください。
```
75 を変数に代入し、変数の値が90以上の場合は"RANK A"、
70以上90未満の場合は"RANK B"、70未満の場合は"RANK C"を表示する。
```

### 演習5
次のフローチャートを書いてください。
```
"Hello" を変数に代入し、繰り返し構文を使って変数の値を5回表示する。
```

### 演習6
次のフローチャートを書いてください。
```
繰り返し構文を使って、1～10までの値を表示する。
```

### 演習7
次のフローチャートを書いてください。
```
繰り返し構文を使って、1～10の中から偶数値を表示する。
```

### 演習8
次のフローチャートを書いてください。
```
繰り返し構文を使って、1～10までの値の合計を計算する。
合計を変数に代入し、表示する。
```

### 演習9
次のフローチャートを書いてください。
```
繰り返し構文を使って、1～10の中の偶数値の合計を計算する。
合計を変数に代入し、表示する。
```

### 演習10
次のフローチャートを書いてください。
```
変数aに 150、変数bに 160、変数cに 170 を代入する。
a、b、cの平均を変数に代入し、表示する。
```

### 演習11
次のフローチャートを書いてください。
```
繰り返し構文を使って、九九表を表示する。
数値と数値の間はスペースもしくはタブとし、各段毎に改行を入れるものとする。

1   2   3   4   5   6   7   8   9
2   4   6   8   10  12  14  16  18
3   6   9   12  15  18  21  24  27
4   8   12  16  20  24  28  32  36
5   10  15  20  25  30  35  40  45
6   12  18  24  30  36  42  48  54
7   14  21  28  35  42  49  56  63
8   16  24  32  40  48  56  64  72
9   18  27  36  45  54  63  72  81
```